H1 = 1:10

H1 =

     1     2     3     4     5     6     7     8     9    10

H2 = 11:20

H2 =

    11    12    13    14    15    16    17    18    19    20

H3 = 21:30

H3 =

    21    22    23    24    25    26    27    28    29    30

M1 = [H1; H2; H3]

M1 =

     1     2     3     4     5     6     7     8     9    10
    11    12    13    14    15    16    17    18    19    20
    21    22    23    24    25    26    27    28    29    30

S1 = M1(3,6)

S1 =

    26

S3 = M1(2,4)

S3 =

    14

S5 = M1(2,9)

S5 =

    19

P = M1(3, 2:4)

P =

    22    23    24

R = M1(1:3,1)

R =

     1
    11
    21

S = M1(2:3,8:10)

S =

    18    19    20
    28    29    30
K1 = 22:28

K1 =

    22    23    24    25    26    27    28

K2 = 8:14

K2 =

     8     9    10    11    12    13    14

M2 = [K1; K2]

M2 =

    22    23    24    25    26    27    28
     8     9    10    11    12    13    14

B1 = M2(2,3:6)

B1 =

    10    11    12    13
    
B2 = M2(1,3:7)

B2 =

    24    25    26    27    28

B3 = M2(1:2, 1:2)

B3 =

    22    23
     8     9
